82
63
55
54
75
95
122
127
129
124
111
102
104
109
108
107
62
61
58
54
67
83
118
128
129
126
116
115
120
120
119
115
66
72
62
59
61
72
109
129
129
126
123
126
125
126
124
124
65
74
61
61
63
69
99
128
130
128
127
129
129
129
128
126
60
65
64
62
59
65
91
126
130
132
132
129
130
129
126
125
65
74
64
55
56
64
86
124
129
132
131
130
130
129
124
125
62
61
64
98
104
85
84
120
128
131
132
129
128
128
128
126
75
75
92
109
117
115
100
118
129
131
131
129
129
130
128
129
140
141
126
80
101
124
116
122
127
131
130
132
132
131
130
131
138
138
129
101
105
121
127
123
127
129
131
133
132
131
129
130
137
137
134
109
110
116
124
128
129
128
132
132
132
131
131
131
142
142
143
116
111
116
123
121
121
128
131
132
131
126
130
131
91
87
85
105
106
115
126
106
91
128
129
131
128
128
129
128
61
60
57
90
109
112
123
107
96
124
127
131
129
128
127
127
65
64
63
71
110
108
122
108
106
127
126
129
129
127
126
127
64
64
63
65
97
109
119
112
106
126
126
127
129
127
125
127